2340.000000 2760.000000 27.000000
10.000000 0.000000 0.000000
0.000000 10.000000 0.000000
10.000000 0.000000 0.000000
0.000000 10.000000 0.000000
5.000000 0.000000 0.000000
0.000000 5.000000 0.000000
10.000000 0.000000 0.000000
0.000000 10.000000 0.000000
20.000000 0.000000 0.000000
0.000000 20.000000 0.000000
1.000000 0.000000 0.000000
0.000000 1.000000 0.000000
14_000001701F6F26A8_t.dump_0.tga
22_0000017019E992E8_t.dump_0.tga
14_000001701F6F39E8_t.dump_0.tga
20_0000017019E9B268_t.dump_0.tga
22_0000017019E961E8_t.dump_0.tga
19_000001701F6F1528_t.dump_0.tga
