2340.000000 2760.000000 27.000000
10.000000 0.000000 0.000000
0.000000 10.000000 0.000000
5.000000 0.000000 0.000000
0.000000 5.000000 0.000000
5.000000 0.000000 0.000000
0.000000 5.000000 0.000000
10.000000 0.000000 0.000000
0.000000 10.000000 0.000000
10.000000 0.000000 0.000000
0.000000 10.000000 0.000000
1.000000 0.000000 0.000000
0.000000 1.000000 0.000000
13_0000027526807AA8_t.dump_0.tga
13_000002751FD3E628_t.dump_0.tga
12_0000027526806CA8_t.dump_0.tga
12_000002752680C968_t.dump_0.tga
12_000002751FD434E8_t.dump_0.tga
15_0000027526807C68_t.dump_0.tga
