2340.000000 2760.000000 27.000000
10.000000 0.000000 0.000000
0.000000 10.000000 0.000000
5.000000 0.000000 0.000000
0.000000 5.000000 0.000000
5.000000 0.000000 0.000000
0.000000 5.000000 0.000000
10.000000 0.000000 0.000000
0.000000 10.000000 0.000000
10.000000 0.000000 0.000000
0.000000 10.000000 0.000000
1.000000 0.000000 0.000000
0.000000 1.000000 0.000000
14_000001701F6F26A8_t.dump_0.tga
14_000001701F6FD228_t.dump_0.tga
14_000001701F6F39E8_t.dump_0.tga
20_0000017019E9B268_t.dump_0.tga
15_0000017019E96C68_t.dump_0.tga
19_000001701F6F1528_t.dump_0.tga
